>motif6_50
A [  8  0  0  0  0  0  0  0  0  0 ]
C [  0  8  0  8  1  0  0  0  0  0 ]
G [  0  0  0  0  7  8  7  0  0  8 ]
T [  0  0  8  0  0  0  1  8  8  0 ]

>motif6_100
A [  2  2 22  0  0  0  3 21  0  0  0  0 ]
C [ 20 16  2  2  1 22 19  3 17  0 20  6 ]
G [  0  2  0  0  0  0  2  0  2  0  0 17 ]
T [  2  4  0 22 23  2  0  0  5 24  4  1 ]

>motif6_200
A [ 226 339 392 716 362 287  60  90 338  37 354 174 ]
C [ 263  60 369   1  30 278 106 248 226 325  60 196 ]
G [  98  45  53  22 422  45  60 265  23 211  68 211 ]
T [ 264 407  37 112  37 241 625 248 264 278 369 270 ]

>motif6_raw
A [  34   1  71 211 315 209 452   1 348 385 315 385 ]
C [ 210   1 560 314   1 316   1 526 247   1 314   1 ]
G [ 106   1  70   1   1 244   1 279   1   1   1   1 ]
T [ 490 837 139 314 523  71 386  34 244 453 210 453 ]

